124742926
108924121
183743642
146563301
179403775
143022294
180396084
179167744
155831428
70692002
77117709
159909050
181475022
177639585
177455788
177631977
177614108
180396082
67982880
134947044
179408253
174216794
190725467
106318753
192926769
197751617
183243309
140743794
181483376
149759687
189572223
160445791
169264166
121405779
196161158
189572199
180396140
143172648
162188204
136979185
158583026
172472210
155974507
197770991
149759699
193859847
160449446
158583221
164960057
160449183
92555400
160449181
141322626
179409290
195906622
117806374
179377370
263753733
213818760
225205695
273531041
248422276
249160185
193125722
273513557
273602684
214863346
271472616
272354928
199631690
214863371
213565026
248277859
205305631
273217826
224114093
273532075
225206695
252356843
274421223
180396090
192729516
273231355
215097522
252174150
225363237
274792349
249085376
248266752
135092859
225934432
273214573
247829105
273537223
247666447
249033674
207041896
249136428
274935091
272828018
274992907
258667815
270237378
274956099
198984680
204677811
199264057
190507969
206862580
201967460
199053702
225917268
155530453
225917288
198592225
214615797
225226354
189697988
205996228
273645818
198592513
214615804
275087101
275087095
275087083
275086373
275086146
262692522
273690900
273664679
273379339
273279238
274368044
214619356
248542157
244299479
272526551
190725464
213998715
252566338
252587213
273432118
248808510
252011523
222680363
248810963
252354629
263057332
199901611
273218013
248280222
225206828
258569050
249035977
253403050
248280562
273231142
195902379
225917324
262527066
135093811
252064720
274378954
239182600
270139751
199618391
248287190
248422278
253403038
269955670
274754596
252509121
247459364
272373606
252566514
213755302
270238220
270207303
214863348
271389249
273747303
272449342
273292838
274958665
273556624
198436830
190725441
263060037
247443969
248830867
252212309
201911413
208603647
203317484
155830485
206840788
225917309
253096916
249960577
262530474
273645750
275086847
275086881
275086564
275087706
275087501
275087637
275087097
274724321
275087610
270207528
270958179
274825404
273588815
271382436
213867594
274502092
214956101
214944753
273418896
275154280
195902569
273186974
271132926
248172331
198462692
252174116
225206280
222623722
249199739
213565032
269955838
202482071
274854577
271385968
225195616
272494029
249383414
198572369
213998268
92621126
248913500
274754883
150656150
214863408
273231106
249145230
274420903
225917243
263052689
249945720
193110691
249667643
213565029
198437064
214863409
262387524
127363787
198302927
273679080
214863351
225917302
271383201
270207358
274608371
273634022
222529881
270206343
201831052
189588675
252216947
133697603
183719135
203320162
198592553
196673537
199520055
247443890
215097526
189466838
189466548
189696649
275086466
275086769
275087945
274831313
273513559
274791956
225917347
273590783
273286353
271145206
274693075
247716891
214961090
181779366
213568499
225195503
270209245
219385976
213774142
263051645
274016489
249947165
225917244
190463775
219395853
225205574
222618764
215097545
273534234
248913699
252173934
273534939
252587227
140143812
213998305
252172447
248912576
214863354
217777191
270139607
274383541
214863355
217777182
274556325
272828266
225917341
249936050
198123513
263052607
263053642
247853324
225917281
195901063
225917282
273534544
273670014
273684462
214863366
225917301
224041690
248163672
225195387
273698446
274934516
165875543
273472177
273309458
270511042
214863390
147114276
273679076
273901804
127257005
252217237
247867291
192729512
225917249
252221655
141087618
225211212
193859871
225942250
189387430
198593129
275086044
275087007
275086793
275086700
275088078
275087133
146952333
271246114
274867114
271414723
271380888
214619946
273332620
274798915
273647623
214617998
272373222
214949297
244168619
274724065
272177760
222707075
215098238
259478115
225210585
158716872
273786864
273187662
274382515
273888066
215098242
273536862
204669071
186272654
252483528
222604396
247409237
225210012
217613027
186228376
249667967
273217831
270994046
225210921
252172436
205533241
274775419
262733862
198732215
270207472
206307542
199530521
249950252
248807159
192121325
249033052
225917343
252174435
247706572
215097540
213565028
225917251
213813597
225917303
249160543
273607610
248543177
225940640
274022049
271416179
273506176
274016468
274368447
270209881
214863343
270545887
189695021
273716533
273949286
271264846
207042577
203292486
214672808
214672900
208601090
213998240
195879701
208603253
254037204
269957841
263705344
199692559
167383382
174500984
190725443
275087027
275086899
275086288
275087109
275087017
275087552
275036264
275087139
263082579
155530342
270837635
271472655
273333335
274724242
271347978
214962289
202508674
214937721
244304583
181779593
263045757
214863378
130470405
217777173
214863400
248755613
253403059
249009034
273536581
252173715
273472091
263048763
274734984
214863401
262551821
273534843
219401840
272172751
142791368
247656002
248912686
272837816
270165316
205303070
270208639
190506909
272111332
248267368
270841526
225917331
252061110
204954625
247667408
225917354
186135963
273231034
274556222
175807146
258669915
225187153
274784696
249160304
225917274
213998703
199023385
225917228
273747677
253409946
252171302
273536792
205300671
273002756
271949876
213804144
249145135
160445997
249086389
271003851
270206375
272448563
273329318
72864540
139716070
274400193
274643985
247719163
275049777
214863341
173267525
135572927
214678095
195319601
201712505
252211207
215590370
225273080
254037367
214655695
252208968
203285275
199104980
199608103
203293886
189696547
189696941
273643972
275086607
275086419
275087130
275086942
92621088
275062129
220792455
271411857
271381785
270207908
214678200
274037754
274557094
273431022
274548121
208302969
214619081
272177964
272177505
244303372
215871881
272178565